bytes=1173722
sha256=825f8b96d20ff060639d5c6b954d8acf817f23087c79af6640596a43bed58837
transparent=0.9260988588686343
partial=0.02143238208912037
